4294967278,547
4,2
4294967279,238
4294967279,235
6,2
4294967278,231
4294967279,359
4294967279,229
4294967278,228
3,5
4294967279,226
4294967278,226
4294967279,225
4294967278,225
17,2
17,5
17,4
4294967279,221
4294967278,221
18,2
4294967279,218
4294967294,5
18,7
4294967279,216
19,6
4294967294,142
4294967294,414
4294967294,385
4294967294,182
4294967294,158
4294967294,157
4294967294,50
4294967294,51
4294967294,86
4294967294,12
4294967294,66
4294967294,11
6,5
6,4
4,4
4294967278,132
4294967278,131
4294967278,130
4294967278,129
4294967278,128
4294967278,127
4294967278,126
4294967278,125
4294967278,124
4294967278,123
4294967278,122
4294967278,121
4294967278,120
4294967278,119
4294967278,118
4294967278,117
4294967278,116
4294967278,115
4294967278,114
4294967278,113
4294967278,112
4294967278,111
4294967278,110
4294967278,109
4294967278,108
4294967278,107
4294967278,106
4294967278,105
4294967278,104
4294967278,103
4294967278,102
4294967278,95
4294967278,94
4294967278,91
4294967279,89
4294967279,87
4294967279,86
4294967279,85
4294967279,84
4294967279,83
4294967279,82
4294967279,81
4294967279,80
4294967279,79
4294967279,78
4294967279,77
4294967279,76
4294967279,73
4294967279,71
4294967279,70
4294967279,69
4294967279,68
4294967279,67
4294967279,66
4294967279,65
4294967279,174
4294967279,88
4294967279,260
4294967279,63
4294967279,62
4294967279,60
4294967279,59
4294967279,58
4294967279,57
4294967279,56
4294967279,55
4294967279,54
4294967279,53
4294967279,52
4294967279,51
4294967279,50
4294967279,49
4294967279,48
4294967279,47
4294967279,46
4294967279,45
4294967279,44
4294967279,43
4294967279,42
4294967279,41
4294967279,40
4294967279,39
4294967279,38
4294967279,37
4294967279,36
4294967279,35
4294967279,34
4294967279,33
4294967279,32
4294967279,31
4294967279,30
4294967279,29
4294967279,28
4294967279,27
4294967279,26
4294967279,25
4294967279,24
4294967279,23
4294967279,22
4294967279,21
4294967279,20
4294967279,19
4294967279,18
4294967279,17
4294967279,16
4294967279,15
4294967279,14
4294967279,13
4294967279,12
4294967279,11
4294967279,10
4294967279,9
4294967279,8
4294967279,7
4294967279,6
4294967279,5
4294967279,4
4294967279,213
4294967278,213
4294967279,210
4294967279,208
4294967278,209
4294967279,358
4294967278,546
4294967279,206
4294967279,357
4294967278,545
4294967279,356
4294967279,0
4294967278,544
4294967278,543
4294967278,203
19,4
3,4
2,4
18,3
4294967278,197
4294967294,438
4294967294,184
4294967278,196
4294967279,194
4294967278,195
4294967279,193
4294967278,193
4294967278,190
4294967279,191
29,6
4294967278,192
29,5
4294967279,190
29,4
4294967278,191
29,3
29,2
29,1
29,0
4294967278,318
4294967279,189
4294967294,908
4294967278,317
4294967279,75
4294967279,324
4294967278,542
4294967279,74
4294967279,323
4294967278,541
4294967279,185
4294967278,186
4294967294,936
4294967294,968
4294967279,72
4294967279,184
4294967279,321
4294967278,185
4294967278,315
4294967279,183
4294967278,184
4294967278,183
4294967279,181
4294967279,178
4294967278,182
28,6
4294967279,180
28,5
4294967278,181
28,4
4294967279,179
28,3
28,2
28,1
28,0
4294967279,355
4294967278,180
0,7
4294967294,91
4294967294,7
4294967278,540
4294967294,79
4294967294,49
4294967294,93
4294967279,64
4294967279,254
4294967278,539
4294967278,538
4294967294,466
4294967294,1151
4294967294,1150
4294967279,354
4294967278,537
4294967279,173
4294967278,175
4294967294,37
4294967294,1
4294967294,910
4294967294,81
4294967279,61
4294967279,172
4294967279,318
4294967294,9
4294967278,173
4294967278,536
4294967278,174
4294967278,88
4294967278,260
4294967278,0
4294967279,171
4294967278,172
4294967278,171
4294967279,169
4294967278,168
4294967278,170
27,5
4294967279,168
27,4
4294967278,169
27,3
27,2
27,1
27,0
4294967278,313
4294967279,167
4294967294,22
4294967294,17
4294967294,74
4294967278,167
4294967279,165
4294967278,166
26,6
4294967279,164
26,5
4294967278,165
26,4
4294967279,163
26,3
26,2
26,1
26,0
4294967279,312
4294967278,164
4294967294,29
4294967294,28
4294967294,911
4294967294,27
4294967294,88
4294967294,85
4294967294,971
4294967294,46
4294967294,0
4294967279,162
0,5
4294967294,467
4294967294,25
4294967294,82
4294967278,163
4294967279,161
4294967294,6
4294967294,90
4294967294,92
4294967278,162
25,5
4294967279,160
25,4
4294967278,161
25,3
25,2
25,1
25,0
4294967278,535
4294967279,159
